# differential LET spectrum from SPENVIS CREME96 GCR (orbit_seu interim transport)
# col0: LET in Si [MeV*cm^2/mg], col1: omni differential flux [1/(cm^2 s (MeV*cm^2/mg))]; piecewise constant per LET bin (two rows per bin)
# group=H Z=1..1 (H..H)
# shield: 100 mil Al spherical shell (0.6855 g/cm2), CSDA, no fragmentation
# LET: Bethe-Bloch + Barkas effective charge + Sternheimer density effect (orbit_seu.stopping)
# integral omni flux: 4.185103e+00 /cm2/s
1.662939e-03  2.546232e+04
1.720287e-03  2.546232e+04
1.720289e-03  9.175873e+03
1.779615e-03  9.175873e+03
1.779616e-03  5.925341e+03
1.840988e-03  5.925341e+03
1.840990e-03  4.145084e+03
1.904479e-03  4.145084e+03
1.904481e-03  3.079889e+03
1.970159e-03  3.079889e+03
1.970161e-03  2.336966e+03
2.038104e-03  2.336966e+03
2.038106e-03  1.867972e+03
2.108392e-03  1.867972e+03
2.108394e-03  1.532647e+03
2.181105e-03  1.532647e+03
2.181107e-03  1.242674e+03
2.256325e-03  1.242674e+03
2.256327e-03  1.053608e+03
2.334139e-03  1.053608e+03
2.334141e-03  9.066673e+02
2.414636e-03  9.066673e+02
2.414639e-03  7.769807e+02
2.497910e-03  7.769807e+02
2.497913e-03  6.821885e+02
2.584056e-03  6.821885e+02
2.584058e-03  5.983174e+02
2.673172e-03  5.983174e+02
2.673175e-03  5.231233e+02
2.765362e-03  5.231233e+02
2.765365e-03  4.415850e+02
2.860732e-03  4.415850e+02
2.860735e-03  4.098963e+02
2.959390e-03  4.098963e+02
2.959393e-03  3.438118e+02
3.061451e-03  3.438118e+02
3.061454e-03  2.973960e+02
3.167032e-03  2.973960e+02
3.167035e-03  2.752469e+02
3.276253e-03  2.752469e+02
3.276257e-03  2.285356e+02
3.389242e-03  2.285356e+02
3.389245e-03  2.041910e+02
3.506127e-03  2.041910e+02
3.506131e-03  1.818626e+02
3.627043e-03  1.818626e+02
3.627047e-03  1.558446e+02
3.752129e-03  1.558446e+02
3.752133e-03  1.384716e+02
3.881530e-03  1.384716e+02
3.881533e-03  1.182886e+02
4.015392e-03  1.182886e+02
4.015396e-03  1.048919e+02
4.153872e-03  1.048919e+02
4.153876e-03  9.298407e+01
4.297127e-03  9.298407e+01
4.297131e-03  7.924212e+01
4.445322e-03  7.924212e+01
4.445327e-03  7.327158e+01
4.598628e-03  7.327158e+01
4.598633e-03  6.246351e+01
4.757222e-03  6.246351e+01
4.757227e-03  5.564705e+01
4.921285e-03  5.564705e+01
4.921290e-03  4.760351e+01
5.091005e-03  4.760351e+01
5.091011e-03  4.434203e+01
5.266580e-03  4.434203e+01
5.266585e-03  3.793489e+01
5.448209e-03  3.793489e+01
5.448214e-03  3.392355e+01
5.636102e-03  3.392355e+01
5.636107e-03  3.033328e+01
5.830474e-03  3.033328e+01
5.830480e-03  2.712099e+01
6.031551e-03  2.712099e+01
6.031557e-03  2.322791e+01
6.239561e-03  2.322791e+01
6.239568e-03  2.174006e+01
6.454746e-03  2.174006e+01
6.454752e-03  1.860952e+01
6.677351e-03  1.860952e+01
6.677358e-03  1.739145e+01
6.907634e-03  1.739145e+01
6.907641e-03  1.486646e+01
7.145858e-03  1.486646e+01
7.145865e-03  1.329899e+01
7.392298e-03  1.329899e+01
7.392306e-03  1.187457e+01
7.647237e-03  1.187457e+01
7.647245e-03  1.060087e+01
7.910968e-03  1.060087e+01
7.910976e-03  9.456336e+00
8.183795e-03  9.456336e+00
8.183803e-03  8.054453e+00
8.466030e-03  8.054453e+00
8.466039e-03  7.527775e+00
8.757999e-03  7.527775e+00
8.758008e-03  6.700646e+00
9.060037e-03  6.700646e+00
9.060046e-03  5.693660e+00
9.372492e-03  5.693660e+00
9.372501e-03  5.308840e+00
9.695722e-03  5.308840e+00
9.695732e-03  4.510244e+00
1.003010e-02  4.510244e+00
1.003011e-02  4.203038e+00
1.037601e-02  4.203038e+00
1.037602e-02  3.565037e+00
1.073385e-02  3.565037e+00
1.073386e-02  3.173830e+00
1.110403e-02  3.173830e+00
1.110404e-02  2.951305e+00
1.148697e-02  2.951305e+00
1.148698e-02  2.497905e+00
1.188312e-02  2.497905e+00
1.188314e-02  2.219459e+00
1.229294e-02  2.219459e+00
1.229295e-02  1.972349e+00
1.271689e-02  1.972349e+00
1.271690e-02  1.753025e+00
1.315546e-02  1.753025e+00
1.315547e-02  1.629356e+00
1.360915e-02  1.629356e+00
1.360916e-02  1.380032e+00
1.407849e-02  1.380032e+00
1.407850e-02  1.227057e+00
1.456402e-02  1.227057e+00
1.456403e-02  1.090901e+00
1.506629e-02  1.090901e+00
1.506630e-02  9.699956e-01
1.558588e-02  9.699956e-01
1.558590e-02  8.626712e-01
1.612339e-02  8.626712e-01
1.612341e-02  7.673817e-01
1.667944e-02  7.673817e-01
1.667946e-02  6.827794e-01
1.725467e-02  6.827794e-01
1.725468e-02  6.076931e-01
1.784973e-02  6.076931e-01
1.784975e-02  5.409949e-01
1.846532e-02  5.409949e-01
1.846533e-02  5.036939e-01
1.910213e-02  5.036939e-01
1.910215e-02  4.274161e-01
1.976091e-02  4.274161e-01
1.976093e-02  3.809543e-01
2.044240e-02  3.809543e-01
2.044243e-02  3.396642e-01
2.114740e-02  3.396642e-01
2.114743e-02  3.029098e-01
2.187672e-02  3.029098e-01
2.187674e-02  2.701867e-01
2.263118e-02  2.701867e-01
2.263120e-02  2.410459e-01
2.341167e-02  2.410459e-01
2.341169e-02  2.150915e-01
2.421907e-02  2.150915e-01
2.421909e-02  1.919688e-01
2.505431e-02  1.919688e-01
2.505434e-02  1.792418e-01
2.591836e-02  1.792418e-01
2.591839e-02  1.526055e-01
2.681221e-02  1.526055e-01
2.681224e-02  1.364093e-01
2.773689e-02  1.364093e-01
2.773692e-02  1.219493e-01
2.869345e-02  1.219493e-01
2.869348e-02  1.090370e-01
2.968301e-02  1.090370e-01
2.968304e-02  1.019619e-01
3.070669e-02  1.019619e-01
3.070672e-02  8.688304e-02
3.176567e-02  8.688304e-02
3.176571e-02  7.771569e-02
3.286118e-02  7.771569e-02
3.286121e-02  7.270347e-02
3.399447e-02  7.270347e-02
3.399450e-02  6.197716e-02
3.516684e-02  6.197716e-02
3.516687e-02  5.799905e-02
3.637964e-02  5.799905e-02
3.637968e-02  4.948881e-02
3.763427e-02  4.948881e-02
3.763431e-02  4.636108e-02
3.893217e-02  4.636108e-02
3.893220e-02  3.957389e-02
4.027482e-02  3.957389e-02
4.027486e-02  3.707881e-02
4.166379e-02  3.707881e-02
4.166383e-02  3.165568e-02
4.310065e-02  3.165568e-02
4.310069e-02  2.966475e-02
4.458707e-02  2.966475e-02
4.458711e-02  2.648935e-02
4.612475e-02  2.648935e-02
4.612479e-02  2.365599e-02
4.771545e-02  2.365599e-02
4.771550e-02  2.020313e-02
4.936102e-02  2.020313e-02
4.936107e-02  1.893926e-02
5.106334e-02  1.893926e-02
5.106339e-02  1.691823e-02
5.282437e-02  1.691823e-02
5.282442e-02  1.511440e-02
5.464613e-02  1.511440e-02
5.464618e-02  1.350423e-02
5.653072e-02  1.350423e-02
5.653077e-02  1.206688e-02
5.848030e-02  1.206688e-02
5.848035e-02  1.125399e-02
6.049711e-02  1.125399e-02
6.049717e-02  9.603660e-03
6.258348e-02  9.603660e-03
6.258355e-02  8.584299e-03
6.474181e-02  8.584299e-03
6.474187e-02  8.008809e-03
6.697456e-02  8.008809e-03
6.697463e-02  6.836785e-03
6.928432e-02  6.836785e-03
6.928439e-02  6.380029e-03
7.167374e-02  6.380029e-03
7.167381e-02  5.447753e-03
7.414556e-02  5.447753e-03
7.414563e-02  5.085123e-03
7.670263e-02  5.085123e-03
7.670270e-02  4.532767e-03
7.934788e-02  4.532767e-03
7.934796e-02  4.041010e-03
8.208436e-02  4.041010e-03
8.208444e-02  3.603136e-03
8.491521e-02  3.603136e-03
8.491529e-02  3.213215e-03
8.784369e-02  3.213215e-03
8.784378e-02  2.865942e-03
9.087316e-02  2.865942e-03
9.087325e-02  2.663205e-03
9.400712e-02  2.663205e-03
9.400721e-02  2.273159e-03
9.724915e-02  2.273159e-03
9.724925e-02  2.113119e-03
1.006030e-01  2.113119e-03
1.006031e-01  1.879552e-03
1.040725e-01  1.879552e-03
1.040726e-01  1.672146e-03
1.076617e-01  1.672146e-03
1.076618e-01  1.487949e-03
1.113746e-01  1.487949e-03
1.113747e-01  1.324333e-03
1.152156e-01  1.324333e-03
1.152157e-01  1.178985e-03
1.191890e-01  1.178985e-03
1.191892e-01  1.091744e-03
1.232995e-01  1.091744e-03
1.232996e-01  9.690991e-04
1.275518e-01  9.690991e-04
1.275519e-01  8.604792e-04
1.319507e-01  8.604792e-04
1.319508e-01  7.642599e-04
1.365013e-01  7.642599e-04
1.365014e-01  7.050024e-04
1.412088e-01  7.050024e-04
1.412089e-01  6.244766e-04
1.460787e-01  6.244766e-04
1.460788e-01  5.533543e-04
1.511165e-01  5.533543e-04
1.511167e-01  4.905233e-04
1.563281e-01  4.905233e-04
1.563282e-01  4.510027e-04
1.617194e-01  4.510027e-04
1.617195e-01  3.988220e-04
1.672966e-01  3.988220e-04
1.672968e-01  3.653334e-04
1.730662e-01  3.653334e-04
1.730664e-01  3.223470e-04
1.790347e-01  3.223470e-04
1.790349e-01  2.845880e-04
1.852091e-01  2.845880e-04
1.852093e-01  2.685215e-04
1.915965e-01  2.685215e-04
1.915967e-01  2.358776e-04
1.982041e-01  2.358776e-04
1.982043e-01  2.073719e-04
2.050396e-01  2.073719e-04
2.050398e-01  1.940395e-04
2.121108e-01  1.940395e-04
2.121110e-01  1.748939e-04
2.194259e-01  1.748939e-04
2.194261e-01  1.571969e-04
2.269932e-01  1.571969e-04
2.269935e-01  1.409326e-04
2.348216e-01  1.409326e-04
2.348218e-01  1.326845e-04
2.429199e-01  1.326845e-04
2.429201e-01  1.204543e-04
2.512975e-01  1.204543e-04
2.512977e-01  5.338048e-05
2.599640e-01  5.338048e-05
