# differential LET spectrum from SPENVIS CREME96 GCR (orbit_seu interim transport)
# col0: LET in Si [MeV*cm^2/mg], col1: omni differential flux [1/(cm^2 s (MeV*cm^2/mg))]; piecewise constant per LET bin (two rows per bin)
# group=Z11-20 Z=11..20 (Na..Ca)
# shield: 100 mil Al spherical shell (0.6855 g/cm2), CSDA, no fragmentation
# LET: Bethe-Bloch + Barkas effective charge + Sternheimer density effect (orbit_seu.stopping)
# integral omni flux: 5.302125e-03 /cm2/s
1.982043e-01  9.351385e-03
2.050396e-01  9.351385e-03
2.050398e-01  6.163751e-03
2.121108e-01  6.163751e-03
2.121110e-01  3.785179e-03
2.194259e-01  3.785179e-03
2.194261e-01  2.734804e-03
2.269932e-01  2.734804e-03
2.269935e-01  2.100410e-03
2.348216e-01  2.100410e-03
2.348218e-01  4.687619e-02
2.429199e-01  4.687619e-02
2.429201e-01  3.934266e-02
2.512975e-01  3.934266e-02
2.512977e-01  2.310849e-02
2.599640e-01  2.310849e-02
2.599643e-01  1.647979e-02
2.689294e-01  1.647979e-02
2.689297e-01  1.255621e-02
2.782040e-01  1.255621e-02
2.782043e-01  1.847225e-02
2.877985e-01  1.847225e-02
2.877988e-01  1.284210e-02
2.977238e-01  1.284210e-02
2.977241e-01  9.899128e-03
3.079914e-01  9.899128e-03
3.079917e-01  8.036145e-03
3.186132e-01  8.036145e-03
3.186135e-01  2.818481e-02
3.296012e-01  2.818481e-02
3.296016e-01  2.843056e-02
3.409682e-01  2.843056e-02
3.409686e-01  1.741212e-02
3.527272e-01  1.741212e-02
3.527276e-01  1.316066e-02
3.648918e-01  1.316066e-02
3.648921e-01  1.111770e-02
3.774758e-01  1.111770e-02
3.774762e-01  9.543532e-03
3.904939e-01  9.543532e-03
3.904943e-01  7.644923e-03
4.039609e-01  7.644923e-03
4.039613e-01  6.651307e-03
4.178923e-01  6.651307e-03
4.178927e-01  9.636230e-03
4.323042e-01  9.636230e-03
4.323047e-01  8.122367e-03
4.472131e-01  8.122367e-03
4.472136e-01  6.210627e-03
4.626362e-01  6.210627e-03
4.626367e-01  5.174997e-03
4.785912e-01  5.174997e-03
4.785917e-01  5.545034e-03
4.950965e-01  5.545034e-03
4.950969e-01  4.399124e-03
5.121709e-01  4.399124e-03
5.121714e-01  3.695363e-03
5.298342e-01  3.695363e-03
5.298347e-01  4.839415e-03
5.481066e-01  4.839415e-03
5.481072e-01  4.025830e-03
5.670093e-01  4.025830e-03
5.670098e-01  3.216633e-03
5.865638e-01  3.216633e-03
5.865644e-01  3.551604e-03
6.067927e-01  3.551604e-03
6.067933e-01  3.274547e-03
6.277192e-01  3.274547e-03
6.277198e-01  2.588430e-03
6.493674e-01  2.588430e-03
6.493680e-01  3.944984e-03
6.717622e-01  3.944984e-03
6.717629e-01  3.970284e-03
6.949293e-01  3.970284e-03
6.949300e-01  2.801835e-03
7.188954e-01  2.801835e-03
7.188962e-01  2.271907e-03
7.436881e-01  2.271907e-03
7.436888e-01  1.885381e-03
7.693357e-01  1.885381e-03
7.693365e-01  1.643405e-03
7.958679e-01  1.643405e-03
7.958687e-01  1.437596e-03
8.233151e-01  1.437596e-03
8.233159e-01  1.263118e-03
8.517088e-01  1.263118e-03
8.517097e-01  1.115641e-03
8.810818e-01  1.115641e-03
8.810827e-01  9.789773e-04
9.114678e-01  9.789773e-04
9.114687e-01  8.853872e-04
9.429017e-01  8.853872e-04
9.429026e-01  7.927126e-04
9.754196e-01  7.927126e-04
9.754206e-01  7.143355e-04
1.009059e+00  7.143355e-04
1.009060e+00  6.254730e-04
1.043859e+00  6.254730e-04
1.043860e+00  5.667738e-04
1.079858e+00  5.667738e-04
1.079859e+00  5.048741e-04
1.117099e+00  5.048741e-04
1.117101e+00  4.582391e-04
1.155625e+00  4.582391e-04
1.155626e+00  4.098369e-04
1.195479e+00  4.098369e-04
1.195480e+00  3.594509e-04
1.236708e+00  3.594509e-04
1.236709e+00  3.303804e-04
1.279358e+00  3.303804e-04
1.279359e+00  2.941492e-04
1.323480e+00  2.941492e-04
1.323481e+00  2.648838e-04
1.369123e+00  2.648838e-04
1.369124e+00  2.346694e-04
1.416340e+00  2.346694e-04
1.416341e+00  2.135380e-04
1.465185e+00  2.135380e-04
1.465187e+00  1.888223e-04
1.515715e+00  1.888223e-04
1.515717e+00  1.711606e-04
1.567988e+00  1.711606e-04
1.567989e+00  1.515942e-04
1.622063e+00  1.515942e-04
1.622065e+00  1.370335e-04
1.678003e+00  1.370335e-04
1.678005e+00  1.221543e-04
1.735873e+00  1.221543e-04
1.735875e+00  1.083697e-04
1.795738e+00  1.083697e-04
1.795740e+00  9.954132e-05
1.857668e+00  9.954132e-05
1.857670e+00  8.794311e-05
1.921733e+00  8.794311e-05
1.921735e+00  7.754208e-05
1.988008e+00  7.754208e-05
1.988010e+00  7.106362e-05
2.056569e+00  7.106362e-05
2.056571e+00  6.408693e-05
2.127494e+00  6.408693e-05
2.127496e+00  5.581464e-05
2.200865e+00  5.581464e-05
2.200868e+00  5.115822e-05
2.276767e+00  5.115822e-05
2.276769e+00  4.584363e-05
2.355286e+00  4.584363e-05
2.355288e+00  4.014525e-05
2.436513e+00  4.014525e-05
2.436515e+00  3.678798e-05
2.520541e+00  3.678798e-05
2.520544e+00  3.209212e-05
2.607467e+00  3.209212e-05
2.607470e+00  2.954734e-05
2.697391e+00  2.954734e-05
2.697394e+00  2.620859e-05
2.790417e+00  2.620859e-05
2.790419e+00  2.366171e-05
2.886650e+00  2.366171e-05
2.886653e+00  2.070150e-05
2.986202e+00  2.070150e-05
2.986205e+00  1.874479e-05
3.089188e+00  1.874479e-05
3.089191e+00  1.716447e-05
3.195725e+00  1.716447e-05
3.195728e+00  1.508268e-05
3.305936e+00  1.508268e-05
3.305940e+00  1.374196e-05
3.419948e+00  1.374196e-05
3.419952e+00  1.216399e-05
3.537893e+00  1.216399e-05
3.537896e+00  1.086067e-05
3.659904e+00  1.086067e-05
3.659908e+00  9.947839e-06
3.786124e+00  9.947839e-06
3.786128e+00  8.690077e-06
3.916696e+00  8.690077e-06
3.916700e+00  7.947784e-06
4.051772e+00  7.947784e-06
4.051776e+00  7.107892e-06
4.191506e+00  7.107892e-06
4.191510e+00  6.348302e-06
4.336059e+00  6.348302e-06
4.336063e+00  5.642077e-06
4.485597e+00  5.642077e-06
4.485601e+00  5.167996e-06
4.640292e+00  5.167996e-06
4.640297e+00  4.618841e-06
4.800322e+00  4.618841e-06
4.800327e+00  4.117012e-06
4.965872e+00  4.117012e-06
4.965876e+00  3.716884e-06
5.137130e+00  3.716884e-06
5.137135e+00  3.343265e-06
5.314295e+00  3.343265e-06
5.314300e+00  3.003835e-06
5.497570e+00  3.003835e-06
5.497575e+00  2.718478e-06
5.687165e+00  2.718478e-06
5.687170e+00  2.411710e-06
5.883299e+00  2.411710e-06
5.883305e+00  2.189860e-06
6.086197e+00  2.189860e-06
6.086203e+00  1.955997e-06
6.296092e+00  1.955997e-06
6.296098e+00  1.781835e-06
6.513226e+00  1.781835e-06
6.513232e+00  1.571751e-06
6.737848e+00  1.571751e-06
6.737855e+00  1.433253e-06
6.970217e+00  1.433253e-06
6.970224e+00  1.291657e-06
7.210600e+00  1.291657e-06
7.210607e+00  1.159778e-06
7.459273e+00  1.159778e-06
7.459280e+00  1.042104e-06
7.716521e+00  1.042104e-06
7.716529e+00  9.482115e-07
7.982642e+00  9.482115e-07
7.982650e+00  8.427670e-07
8.257940e+00  8.427670e-07
8.257948e+00  7.639520e-07
8.542733e+00  7.639520e-07
8.542741e+00  6.973876e-07
8.837347e+00  6.973876e-07
8.837356e+00  6.203524e-07
9.142121e+00  6.203524e-07
9.142130e+00  5.653764e-07
9.457407e+00  5.653764e-07
9.457416e+00  5.118583e-07
9.783565e+00  5.118583e-07
9.783575e+00  4.641357e-07
1.012097e+01  4.641357e-07
1.012098e+01  4.408361e-07
1.047002e+01  4.408361e-07
1.047003e+01  3.888398e-07
1.083110e+01  3.888398e-07
1.083111e+01  3.533223e-07
1.120463e+01  3.533223e-07
1.120464e+01  3.856611e-07
1.159104e+01  3.856611e-07
1.159106e+01  3.467850e-07
1.199079e+01  3.467850e-07
1.199080e+01  1.962091e-07
1.240431e+01  1.962091e-07
1.240433e+01  1.917029e-07
1.283210e+01  1.917029e-07
1.283212e+01  1.733564e-07
1.327464e+01  1.733564e-07
1.327466e+01  1.650791e-07
1.373245e+01  1.650791e-07
1.373246e+01  2.273328e-07
1.420604e+01  2.273328e-07
1.420606e+01  6.298237e-08
1.469597e+01  6.298237e-08
1.469598e+01  5.870641e-08
1.520279e+01  5.870641e-08
1.520280e+01  5.623339e-08
1.572709e+01  5.623339e-08
1.572710e+01  5.203343e-08
1.626947e+01  5.203343e-08
1.626949e+01  5.442983e-08
1.683056e+01  5.442983e-08
1.683057e+01  3.116313e-08
1.741099e+01  3.116313e-08
1.741101e+01  3.130501e-08
1.801145e+01  3.130501e-08
1.801147e+01  2.638985e-08
1.863261e+01  2.638985e-08
1.863263e+01  2.844892e-08
1.927520e+01  2.844892e-08
1.927522e+01  2.345809e-08
1.993994e+01  2.345809e-08
1.993996e+01  2.568310e-08
2.062761e+01  2.568310e-08
2.062763e+01  2.374176e-08
2.133900e+01  2.374176e-08
2.133902e+01  1.953765e-08
2.207492e+01  1.953765e-08
