# differential LET spectrum from SPENVIS CREME96 GCR (orbit_seu interim transport)
# col0: LET in Si [MeV*cm^2/mg], col1: omni differential flux [1/(cm^2 s (MeV*cm^2/mg))]; piecewise constant per LET bin (two rows per bin)
# group=Z03-10 Z=3..10 (Li..Ne)
# shield: 100 mil Al spherical shell (0.6855 g/cm2), CSDA, no fragmentation
# LET: Bethe-Bloch + Barkas effective charge + Sternheimer density effect (orbit_seu.stopping)
# integral omni flux: 3.113076e-02 /cm2/s
1.456403e-02  3.531248e-01
1.506629e-02  3.531248e-01
1.506630e-02  6.013036e-01
1.558588e-02  6.013036e-01
1.558590e-02  3.003377e-01
1.612339e-02  3.003377e-01
1.612341e-02  2.031710e-01
1.667944e-02  2.031710e-01
1.667946e-02  1.521678e-01
1.725467e-02  1.521678e-01
1.725468e-02  1.199283e-01
1.784973e-02  1.199283e-01
1.784975e-02  9.514574e-02
1.846532e-02  9.514574e-02
1.846533e-02  8.098621e-02
1.910213e-02  8.098621e-02
1.910215e-02  6.779420e-02
1.976091e-02  6.779420e-02
1.976093e-02  5.722181e-02
2.044240e-02  5.722181e-02
2.044243e-02  5.154780e-02
2.114740e-02  5.154780e-02
2.114743e-02  4.426304e-02
2.187672e-02  4.426304e-02
2.187674e-02  3.999523e-02
2.263118e-02  3.999523e-02
2.263120e-02  3.600741e-02
2.341167e-02  3.600741e-02
2.341169e-02  3.237599e-02
2.421907e-02  3.237599e-02
2.421909e-02  2.813659e-02
2.505431e-02  2.813659e-02
2.505434e-02  2.598438e-02
2.591836e-02  2.598438e-02
2.591839e-02  1.602567e-01
2.681221e-02  1.602567e-01
2.681224e-02  2.218445e-01
2.773689e-02  2.218445e-01
2.773692e-02  1.205777e-01
2.869345e-02  1.205777e-01
2.869348e-02  8.609276e-02
2.968301e-02  8.609276e-02
2.968304e-02  6.631984e-02
3.070669e-02  6.631984e-02
3.070672e-02  5.345977e-02
3.176567e-02  5.345977e-02
3.176571e-02  4.461344e-02
3.286118e-02  4.461344e-02
3.286121e-02  3.762316e-02
3.399447e-02  3.762316e-02
3.399450e-02  3.271155e-02
3.516684e-02  3.271155e-02
3.516687e-02  2.793622e-02
3.637964e-02  2.793622e-02
3.637968e-02  2.511816e-02
3.763427e-02  2.511816e-02
3.763431e-02  2.180419e-02
3.893217e-02  2.180419e-02
3.893220e-02  1.956590e-02
4.027482e-02  1.956590e-02
4.027486e-02  7.536235e-02
4.166379e-02  7.536235e-02
4.166383e-02  5.397720e-01
4.310065e-02  5.397720e-01
4.310069e-02  2.236410e-01
4.458707e-02  2.236410e-01
4.458711e-02  1.555545e-01
4.612475e-02  1.555545e-01
4.612479e-02  1.184900e-01
4.771545e-02  1.184900e-01
4.771550e-02  9.506302e-02
4.936102e-02  9.506302e-02
4.936107e-02  8.046207e-02
5.106334e-02  8.046207e-02
5.106339e-02  6.798439e-02
5.282437e-02  6.798439e-02
5.282442e-02  5.826628e-02
5.464613e-02  5.826628e-02
5.464618e-02  5.144089e-02
5.653072e-02  5.144089e-02
5.653077e-02  4.560265e-02
5.848030e-02  4.560265e-02
5.848035e-02  7.868200e-01
6.049711e-02  7.868200e-01
6.049717e-02  8.688857e-01
6.258348e-02  8.688857e-01
6.258355e-02  4.843058e-01
6.474181e-02  4.843058e-01
6.474187e-02  3.446748e-01
6.697456e-02  3.446748e-01
6.697463e-02  2.641597e-01
6.928432e-02  2.641597e-01
6.928439e-02  2.087493e-01
7.167374e-02  2.087493e-01
7.167381e-02  1.767693e-01
7.414556e-02  1.767693e-01
7.414563e-02  1.473548e-01
7.670263e-02  1.473548e-01
7.670270e-02  1.253868e-01
7.934788e-02  1.253868e-01
7.934796e-02  2.307822e-01
8.208436e-02  2.307822e-01
8.208444e-02  2.809292e-01
8.491521e-02  2.809292e-01
8.491529e-02  1.795022e-01
8.784369e-02  1.795022e-01
8.784378e-02  1.435215e-01
9.087316e-02  1.435215e-01
9.087325e-02  1.194380e-01
9.400712e-02  1.194380e-01
9.400721e-02  1.004897e-01
9.724915e-02  1.004897e-01
9.724925e-02  8.855901e-02
1.006030e-01  8.855901e-02
1.006031e-01  7.649266e-02
1.040725e-01  7.649266e-02
1.040726e-01  4.975981e-01
1.076617e-01  4.975981e-01
1.076618e-01  4.985168e-01
1.113746e-01  4.985168e-01
1.113747e-01  2.965303e-01
1.152156e-01  2.965303e-01
1.152157e-01  2.194846e-01
1.191890e-01  2.194846e-01
1.191892e-01  1.697791e-01
1.232995e-01  1.697791e-01
1.232996e-01  1.389668e-01
1.275518e-01  1.389668e-01
1.275519e-01  1.167549e-01
1.319507e-01  1.167549e-01
1.319508e-01  1.085392e-01
1.365013e-01  1.085392e-01
1.365014e-01  9.510030e-02
1.412088e-01  9.510030e-02
1.412089e-01  7.940073e-02
1.460787e-01  7.940073e-02
1.460788e-01  7.059263e-02
1.511165e-01  7.059263e-02
1.511167e-01  6.226719e-02
1.563281e-01  6.226719e-02
1.563282e-01  5.596086e-02
1.617194e-01  5.596086e-02
1.617195e-01  7.958250e-02
1.672966e-01  7.958250e-02
1.672968e-01  9.891528e-02
1.730662e-01  9.891528e-02
1.730664e-01  6.737414e-02
1.790347e-01  6.737414e-02
1.790349e-01  5.430478e-02
1.852091e-01  5.430478e-02
1.852093e-01  4.644123e-02
1.915965e-01  4.644123e-02
1.915967e-01  4.041179e-02
1.982041e-01  4.041179e-02
1.982043e-01  3.549532e-02
2.050396e-01  3.549532e-02
2.050398e-01  3.074020e-02
2.121108e-01  3.074020e-02
2.121110e-01  2.818780e-02
2.194259e-01  2.818780e-02
2.194261e-01  2.491527e-02
2.269932e-01  2.491527e-02
2.269935e-01  2.211898e-02
2.348216e-01  2.211898e-02
2.348218e-01  2.021825e-02
2.429199e-01  2.021825e-02
2.429201e-01  1.813942e-02
2.512975e-01  1.813942e-02
2.512977e-01  1.602681e-02
2.599640e-01  1.602681e-02
2.599643e-01  1.464361e-02
2.689294e-01  1.464361e-02
2.689297e-01  1.327814e-02
2.782040e-01  1.327814e-02
2.782043e-01  1.171067e-02
2.877985e-01  1.171067e-02
2.877988e-01  1.066988e-02
2.977238e-01  1.066988e-02
2.977241e-01  9.637810e-03
3.079914e-01  9.637810e-03
3.079917e-01  8.674552e-03
3.186132e-01  8.674552e-03
3.186135e-01  7.895553e-03
3.296012e-01  7.895553e-03
3.296016e-01  6.886829e-03
3.409682e-01  6.886829e-03
3.409686e-01  6.293908e-03
3.527272e-01  6.293908e-03
3.527276e-01  5.667856e-03
3.648918e-01  5.667856e-03
3.648921e-01  5.124351e-03
3.774758e-01  5.124351e-03
3.774762e-01  4.604661e-03
3.904939e-01  4.604661e-03
3.904943e-01  4.126395e-03
4.039609e-01  4.126395e-03
4.039613e-01  3.673810e-03
4.178923e-01  3.673810e-03
4.178927e-01  3.284295e-03
4.323042e-01  3.284295e-03
4.323047e-01  3.020359e-03
4.472131e-01  3.020359e-03
4.472136e-01  2.679533e-03
4.626362e-01  2.679533e-03
4.626367e-01  2.417969e-03
4.785912e-01  2.417969e-03
4.785917e-01  2.139028e-03
4.950965e-01  2.139028e-03
4.950969e-01  1.952232e-03
5.121709e-01  1.952232e-03
5.121714e-01  1.734137e-03
5.298342e-01  1.734137e-03
5.298347e-01  1.546014e-03
5.481066e-01  1.546014e-03
5.481072e-01  1.406609e-03
5.670093e-01  1.406609e-03
5.670098e-01  1.252852e-03
5.865638e-01  1.252852e-03
5.865644e-01  1.118745e-03
6.067927e-01  1.118745e-03
6.067933e-01  1.025971e-03
6.277192e-01  1.025971e-03
6.277198e-01  8.878812e-04
6.493674e-01  8.878812e-04
6.493680e-01  8.066662e-04
6.717622e-01  8.066662e-04
6.717629e-01  7.350191e-04
6.949293e-01  7.350191e-04
6.949300e-01  6.441645e-04
7.188954e-01  6.441645e-04
7.188962e-01  5.932735e-04
7.436881e-01  5.932735e-04
7.436888e-01  5.237457e-04
7.693357e-01  5.237457e-04
7.693365e-01  4.664621e-04
7.958679e-01  4.664621e-04
7.958687e-01  4.183006e-04
8.233151e-01  4.183006e-04
8.233159e-01  3.853212e-04
8.517088e-01  3.853212e-04
8.517097e-01  3.389863e-04
8.810818e-01  3.389863e-04
8.810827e-01  2.989810e-04
9.114678e-01  2.989810e-04
9.114687e-01  2.725925e-04
9.429017e-01  2.725925e-04
9.429026e-01  2.425279e-04
9.754196e-01  2.425279e-04
9.754206e-01  2.238163e-04
1.009059e+00  2.238163e-04
1.009060e+00  1.950849e-04
1.043859e+00  1.950849e-04
1.043860e+00  1.770907e-04
1.079858e+00  1.770907e-04
1.079859e+00  1.556330e-04
1.117099e+00  1.556330e-04
1.117101e+00  1.406107e-04
1.155625e+00  1.406107e-04
1.155626e+00  1.309966e-04
1.195479e+00  1.309966e-04
1.195480e+00  1.127617e-04
1.236708e+00  1.127617e-04
1.236709e+00  1.014346e-04
1.279358e+00  1.014346e-04
1.279359e+00  9.419075e-05
1.323480e+00  9.419075e-05
1.323481e+00  8.106576e-05
1.369123e+00  8.106576e-05
1.369124e+00  7.518714e-05
1.416340e+00  7.518714e-05
1.416341e+00  6.593948e-05
1.465185e+00  6.593948e-05
1.465187e+00  6.029046e-05
1.515715e+00  6.029046e-05
1.515717e+00  5.260097e-05
1.567988e+00  5.260097e-05
1.567989e+00  4.884586e-05
1.622063e+00  4.884586e-05
1.622065e+00  4.318948e-05
1.678003e+00  4.318948e-05
1.678005e+00  3.917677e-05
1.735873e+00  3.917677e-05
1.735875e+00  3.484834e-05
1.795738e+00  3.484834e-05
1.795740e+00  3.133923e-05
1.857668e+00  3.133923e-05
1.857670e+00  2.782883e-05
1.921733e+00  2.782883e-05
1.921735e+00  2.514944e-05
1.988008e+00  2.514944e-05
1.988010e+00  2.313422e-05
2.056569e+00  2.313422e-05
2.056571e+00  2.001455e-05
2.127494e+00  2.001455e-05
2.127496e+00  1.849614e-05
2.200865e+00  1.849614e-05
2.200868e+00  1.660873e-05
2.276767e+00  1.660873e-05
2.276769e+00  1.479774e-05
2.355286e+00  1.479774e-05
2.355288e+00  1.357781e-05
2.436513e+00  1.357781e-05
2.436515e+00  1.184702e-05
2.520541e+00  1.184702e-05
2.520544e+00  1.091644e-05
2.607467e+00  1.091644e-05
2.607470e+00  9.700493e-06
2.697391e+00  9.700493e-06
2.697394e+00  8.734651e-06
2.790417e+00  8.734651e-06
2.790419e+00  8.006113e-06
2.886650e+00  8.006113e-06
2.886653e+00  6.946398e-06
2.986202e+00  6.946398e-06
2.986205e+00  6.490555e-06
3.089188e+00  6.490555e-06
3.089191e+00  5.675133e-06
3.195725e+00  5.675133e-06
3.195728e+00  5.225274e-06
3.305936e+00  5.225274e-06
3.305940e+00  4.670776e-06
3.419948e+00  4.670776e-06
3.419952e+00  4.238277e-06
3.537893e+00  4.238277e-06
3.537896e+00  3.806819e-06
3.659904e+00  3.806819e-06
3.659908e+00  3.499976e-06
3.786124e+00  3.499976e-06
3.786128e+00  3.087109e-06
3.916696e+00  3.087109e-06
3.916700e+00  2.749344e-06
4.051772e+00  2.749344e-06
4.051776e+00  2.516715e-06
4.191506e+00  2.516715e-06
4.191510e+00  2.250389e-06
4.336059e+00  2.250389e-06
4.336063e+00  2.087643e-06
4.485597e+00  2.087643e-06
4.485601e+00  1.929873e-06
4.640292e+00  1.929873e-06
4.640297e+00  2.085249e-06
4.800322e+00  2.085249e-06
4.800327e+00  1.278482e-06
4.965872e+00  1.278482e-06
4.965876e+00  1.170626e-06
5.137130e+00  1.170626e-06
5.137135e+00  1.061617e-06
5.314295e+00  1.061617e-06
5.314300e+00  9.546139e-07
5.497570e+00  9.546139e-07
5.497575e+00  8.849275e-07
5.687165e+00  8.849275e-07
5.687170e+00  8.783573e-07
5.883299e+00  8.783573e-07
5.883305e+00  7.315525e-07
6.086197e+00  7.315525e-07
6.086203e+00  6.177426e-07
6.296092e+00  6.177426e-07
6.296098e+00  5.740399e-07
6.513226e+00  5.740399e-07
6.513232e+00  5.649525e-07
6.737848e+00  5.649525e-07
6.737855e+00  7.229598e-07
6.970217e+00  7.229598e-07
6.970224e+00  6.369903e-07
7.210600e+00  6.369903e-07
7.210607e+00  1.041356e-07
7.459273e+00  1.041356e-07
7.459280e+00  9.555953e-08
7.716521e+00  9.555953e-08
7.716529e+00  8.909691e-08
7.982642e+00  8.909691e-08
7.982650e+00  9.306611e-08
8.257940e+00  9.306611e-08
8.257948e+00  7.080323e-08
8.542733e+00  7.080323e-08
8.542741e+00  7.012529e-08
8.837347e+00  7.012529e-08
8.837356e+00  8.457711e-08
9.142121e+00  8.457711e-08
9.142130e+00  1.447640e-07
9.457407e+00  1.447640e-07
