# differential LET spectrum from SPENVIS CREME96 GCR (orbit_seu interim transport)
# col0: LET in Si [MeV*cm^2/mg], col1: omni differential flux [1/(cm^2 s (MeV*cm^2/mg))]; piecewise constant per LET bin (two rows per bin)
# group=He Z=2..2 (He..He)
# shield: 100 mil Al spherical shell (0.6855 g/cm2), CSDA, no fragmentation
# LET: Bethe-Bloch + Barkas effective charge + Sternheimer density effect (orbit_seu.stopping)
# integral omni flux: 4.031995e-01 /cm2/s
6.454752e-03  1.201697e+02
6.677351e-03  1.201697e+02
6.677358e-03  3.622387e+02
6.907634e-03  3.622387e+02
6.907641e-03  1.634117e+02
7.145858e-03  1.634117e+02
7.145865e-03  1.126707e+02
7.392298e-03  1.126707e+02
7.392306e-03  8.359409e+01
7.647237e-03  8.359409e+01
7.647245e-03  6.460795e+01
7.910968e-03  6.460795e+01
7.910976e-03  5.353582e+01
8.183795e-03  5.353582e+01
8.183803e-03  4.519664e+01
8.466030e-03  4.519664e+01
8.466039e-03  3.820887e+01
8.757999e-03  3.820887e+01
8.758008e-03  3.347395e+01
9.060037e-03  3.347395e+01
9.060046e-03  2.963305e+01
9.372492e-03  2.963305e+01
9.372501e-03  2.563599e+01
9.695722e-03  2.563599e+01
9.695732e-03  2.398775e+01
1.003010e-02  2.398775e+01
1.003011e-02  2.052816e+01
1.037601e-02  2.052816e+01
1.037602e-02  1.916412e+01
1.073385e-02  1.916412e+01
1.073386e-02  1.729445e+01
1.110403e-02  1.729445e+01
1.110404e-02  1.506455e+01
1.148697e-02  1.506455e+01
1.148698e-02  1.399491e+01
1.188312e-02  1.399491e+01
1.188314e-02  1.297067e+01
1.229294e-02  1.297067e+01
1.229295e-02  1.121299e+01
1.271689e-02  1.121299e+01
1.271690e-02  1.037577e+01
1.315546e-02  1.037577e+01
1.315547e-02  9.585117e+00
1.360915e-02  9.585117e+00
1.360916e-02  8.531304e+00
1.407849e-02  8.531304e+00
1.407850e-02  7.575999e+00
1.456402e-02  7.575999e+00
1.456403e-02  6.979291e+00
1.506629e-02  6.979291e+00
1.506630e-02  6.418423e+00
1.558588e-02  6.418423e+00
1.558590e-02  5.670880e+00
1.612339e-02  5.670880e+00
1.612341e-02  5.205981e+00
1.667944e-02  5.205981e+00
1.667946e-02  4.774771e+00
1.725467e-02  4.774771e+00
1.725468e-02  4.363622e+00
1.784973e-02  4.363622e+00
1.784975e-02  3.830469e+00
1.846532e-02  3.830469e+00
1.846533e-02  3.499814e+00
1.910213e-02  3.499814e+00
1.910215e-02  3.188062e+00
1.976091e-02  3.188062e+00
1.976093e-02  2.785322e+00
2.044240e-02  2.785322e+00
2.044243e-02  2.648300e+00
2.114740e-02  2.648300e+00
2.114743e-02  2.307337e+00
2.187672e-02  2.307337e+00
2.187674e-02  2.098363e+00
2.263118e-02  2.098363e+00
2.263120e-02  1.905631e+00
2.341167e-02  1.905631e+00
2.341169e-02  1.729669e+00
2.421907e-02  1.729669e+00
2.421909e-02  1.501861e+00
2.505431e-02  1.501861e+00
2.505434e-02  1.424574e+00
2.591836e-02  1.424574e+00
2.591839e-02  1.235244e+00
2.681221e-02  1.235244e+00
2.681224e-02  1.169041e+00
2.773689e-02  1.169041e+00
2.773692e-02  1.012051e+00
2.869345e-02  1.012051e+00
2.869348e-02  9.162909e-01
2.968301e-02  9.162909e-01
2.968304e-02  8.287011e-01
3.070669e-02  8.287011e-01
3.070672e-02  7.493873e-01
3.176567e-02  7.493873e-01
3.176571e-02  6.779111e-01
3.286118e-02  6.779111e-01
3.286121e-02  5.864566e-01
3.399447e-02  5.864566e-01
3.399450e-02  5.567587e-01
3.516684e-02  5.567587e-01
3.516687e-02  5.044428e-01
3.637964e-02  5.044428e-01
3.637968e-02  4.380132e-01
3.763427e-02  4.380132e-01
3.763431e-02  4.173558e-01
3.893217e-02  4.173558e-01
3.893220e-02  3.622922e-01
4.027482e-02  3.622922e-01
4.027486e-02  3.458666e-01
4.166379e-02  3.458666e-01
4.166383e-02  3.012870e-01
4.310065e-02  3.012870e-01
4.310069e-02  2.753397e-01
4.458707e-02  2.753397e-01
4.458711e-02  2.637525e-01
4.612475e-02  2.637525e-01
4.612479e-02  2.303585e-01
4.771545e-02  2.303585e-01
4.771550e-02  2.109556e-01
4.936102e-02  2.109556e-01
4.936107e-02  1.933559e-01
5.106334e-02  1.933559e-01
5.106339e-02  1.774006e-01
5.282437e-02  1.774006e-01
5.282442e-02  1.702047e-01
5.464613e-02  1.702047e-01
5.464618e-02  1.487224e-01
5.653072e-02  1.487224e-01
5.653077e-02  1.365258e-01
5.848030e-02  1.365258e-01
5.848035e-02  1.255443e-01
6.049711e-02  1.255443e-01
6.049717e-02  1.153737e-01
6.258348e-02  1.153737e-01
6.258355e-02  1.059468e-01
6.474181e-02  1.059468e-01
6.474187e-02  9.721388e-02
6.697456e-02  9.721388e-02
6.697463e-02  8.916140e-02
6.928432e-02  8.916140e-02
6.928439e-02  8.176402e-02
7.167374e-02  8.176402e-02
7.167381e-02  7.492019e-02
7.414556e-02  7.492019e-02
7.414563e-02  6.859326e-02
7.670263e-02  6.859326e-02
7.670270e-02  6.564202e-02
7.934788e-02  6.564202e-02
7.934796e-02  5.717673e-02
8.208436e-02  5.717673e-02
8.208444e-02  5.220083e-02
8.491521e-02  5.220083e-02
8.491529e-02  4.761971e-02
8.784369e-02  4.761971e-02
8.784378e-02  4.340678e-02
9.087316e-02  4.340678e-02
9.087325e-02  3.953531e-02
9.400712e-02  3.953531e-02
9.400721e-02  3.598212e-02
9.724915e-02  3.598212e-02
9.724925e-02  3.272348e-02
1.006030e-01  3.272348e-02
1.006031e-01  2.972620e-02
1.040725e-01  2.972620e-02
1.040726e-01  2.821967e-02
1.076617e-01  2.821967e-02
1.076618e-01  2.439161e-02
1.113746e-01  2.439161e-02
1.113747e-01  2.210703e-02
1.152156e-01  2.210703e-02
1.152157e-01  2.002453e-02
1.191890e-01  2.002453e-02
1.191892e-01  1.896153e-02
1.232995e-01  1.896153e-02
1.232996e-01  1.635009e-02
1.275518e-01  1.635009e-02
1.275519e-01  1.478535e-02
1.319507e-01  1.478535e-02
1.319508e-01  1.397801e-02
1.365013e-01  1.397801e-02
1.365014e-01  1.203422e-02
1.412088e-01  1.203422e-02
1.412089e-01  1.136362e-02
1.460787e-01  1.136362e-02
1.460788e-01  9.769926e-03
1.511165e-01  9.769926e-03
1.511167e-01  9.215369e-03
1.563281e-01  9.215369e-03
1.563282e-01  7.917092e-03
1.617194e-01  7.917092e-03
1.617195e-01  7.462708e-03
1.672966e-01  7.462708e-03
1.672968e-01  6.407293e-03
1.730662e-01  6.407293e-03
1.730664e-01  6.036112e-03
1.790347e-01  6.036112e-03
1.790349e-01  5.417291e-03
1.852091e-01  5.417291e-03
1.852093e-01  4.860749e-03
1.915965e-01  4.860749e-03
1.915967e-01  4.169227e-03
1.982041e-01  4.169227e-03
1.982043e-01  3.924197e-03
2.050396e-01  3.924197e-03
2.050398e-01  3.518988e-03
2.121108e-01  3.518988e-03
2.121110e-01  3.155159e-03
2.194259e-01  3.155159e-03
2.194261e-01  2.952124e-03
2.269932e-01  2.952124e-03
2.269935e-01  2.526787e-03
2.348216e-01  2.526787e-03
2.348218e-01  2.264754e-03
2.429199e-01  2.264754e-03
2.429201e-01  2.029747e-03
2.512975e-01  2.029747e-03
2.512977e-01  1.898476e-03
2.599640e-01  1.898476e-03
2.599643e-01  1.624514e-03
2.689294e-01  1.624514e-03
2.689297e-01  1.519357e-03
2.782040e-01  1.519357e-03
2.782043e-01  1.356862e-03
2.877985e-01  1.356862e-03
2.877988e-01  1.211764e-03
2.977238e-01  1.211764e-03
2.977241e-01  1.082216e-03
3.079914e-01  1.082216e-03
3.079917e-01  9.665764e-04
3.186132e-01  9.665764e-04
3.186135e-01  8.633561e-04
3.296012e-01  8.633561e-04
3.296016e-01  7.712271e-04
3.409682e-01  7.712271e-04
3.409686e-01  7.177452e-04
3.527272e-01  7.177452e-04
3.527276e-01  6.391218e-04
3.648918e-01  6.391218e-04
3.648921e-01  5.692016e-04
3.774758e-01  5.692016e-04
3.774762e-01  5.070212e-04
3.904939e-01  5.070212e-04
3.904943e-01  4.517240e-04
4.039609e-01  4.517240e-04
4.039613e-01  4.025454e-04
4.178923e-01  4.025454e-04
4.178927e-01  3.731388e-04
4.323042e-01  3.731388e-04
4.323047e-01  3.315716e-04
4.472131e-01  3.315716e-04
4.472136e-01  3.060103e-04
4.626362e-01  3.060103e-04
4.626367e-01  2.611912e-04
4.785912e-01  2.611912e-04
4.785917e-01  2.412304e-04
4.950965e-01  2.412304e-04
4.950969e-01  2.218209e-04
5.121709e-01  2.218209e-04
5.121714e-01  1.961827e-04
5.298342e-01  1.961827e-04
5.298347e-01  1.735974e-04
5.481066e-01  1.735974e-04
5.481072e-01  1.591347e-04
5.670093e-01  1.591347e-04
5.670098e-01  1.405220e-04
5.865638e-01  1.405220e-04
5.865644e-01  1.284017e-04
6.067927e-01  1.284017e-04
6.067933e-01  1.169022e-04
6.277192e-01  1.169022e-04
6.277198e-01  1.028057e-04
6.493674e-01  1.028057e-04
6.493680e-01  9.622960e-05
6.717622e-01  9.622960e-05
6.717629e-01  8.676922e-05
6.949293e-01  8.676922e-05
6.949300e-01  7.802317e-05
7.188954e-01  7.802317e-05
7.188962e-01  6.998217e-05
7.436881e-01  6.998217e-05
7.436888e-01  6.591676e-05
7.693357e-01  6.591676e-05
7.693365e-01  5.986705e-05
7.958679e-01  5.986705e-05
7.958687e-01  5.525693e-05
8.233151e-01  5.525693e-05
8.233159e-01  5.149377e-05
8.517088e-01  5.149377e-05
8.517097e-01  5.073017e-05
8.810818e-01  5.073017e-05
8.810827e-01  3.071166e-05
9.114678e-01  3.071166e-05
