# differential LET spectrum from SPENVIS CREME96 GCR
# col0: LET [MeV*cm^2/mg], col1: omni differential flux [1/(cm^2 s (MeV*cm^2/mg))]
# species=Fe Z=26
1.122257e+00  1.065519e-02
1.123193e+00  6.486732e-03
1.124418e+00  5.456028e-03
1.125614e+00  4.947892e-03
1.126605e+00  4.662540e-03
1.128093e+00  4.349812e-03
1.129135e+00  4.178284e-03
1.130478e+00  3.996644e-03
1.132252e+00  3.801905e-03
1.134663e+00  3.590368e-03
1.137660e+00  3.384295e-03
1.141338e+00  3.184028e-03
1.146510e+00  2.964097e-03
1.150892e+00  2.814036e-03
1.156588e+00  2.652823e-03
1.164187e+00  2.477126e-03
1.174658e+00  2.283895e-03
1.182973e+00  2.157848e-03
1.197605e+00  1.974783e-03
1.212450e+00  1.824657e-03
1.232313e+00  1.660554e-03
1.249580e+00  1.543025e-03
1.271439e+00  1.416277e-03
1.299761e+00  1.280238e-03
1.337522e+00  1.133422e-03
1.389749e+00  9.745627e-04
1.423882e+00  8.903782e-04
1.465592e+00  8.028718e-04
1.517495e+00  7.121834e-04
1.583528e+00  6.184668e-04
1.660100e+00  5.318370e-04
1.747760e+00  4.535659e-04
1.862381e+00  3.749037e-04
1.953534e+00  3.260457e-04
2.065761e+00  2.778291e-04
2.207026e+00  2.307514e-04
2.389850e+00  1.853989e-04
2.527633e+00  1.592886e-04
2.758208e+00  1.260164e-04
2.980383e+00  1.024647e-04
3.263993e+00  8.047603e-05
3.500868e+00  6.683693e-05
3.790872e+00  5.405912e-05
4.153946e+00  4.228849e-05
4.621423e+00  3.169140e-05
5.245529e+00  2.233556e-05
5.643024e+00  1.818212e-05
6.120270e+00  1.443020e-05
6.703855e+00  1.110446e-05
7.433662e+00  8.221585e-06
8.266575e+00  6.006421e-06
9.207013e+00  4.327592e-06
1.042135e+01  2.946501e-06
1.137781e+01  2.236475e-06
1.254698e+01  1.636193e-06
1.400862e+01  1.142793e-06
1.588806e+01  7.533548e-07
1.729775e+01  5.738164e-07
1.964737e+01  3.863269e-07
2.190313e+01  2.793298e-07
2.477422e+01  1.969967e-07
2.716686e+01  1.540373e-07
3.009127e+01  1.190672e-07
3.374685e+01  9.103261e-08
3.844696e+01  6.910615e-08
4.471387e+01  5.248986e-08
4.870195e+01  4.592258e-08
5.348767e+01  4.025825e-08
5.933692e+01  3.570652e-08
6.664852e+01  3.205312e-08
7.498995e+01  2.949083e-08
8.440536e+01  2.778307e-08
9.655983e+01  2.661948e-08
1.061315e+02  2.617925e-08
1.178302e+02  2.596978e-08
1.324536e+02  2.591553e-08
1.512552e+02  2.622138e-08
1.653564e+02  2.652328e-08
1.888583e+02  2.706835e-08
2.114203e+02  2.755075e-08
2.401354e+02  2.806503e-08
2.640647e+02  2.839508e-08
2.933117e+02  2.867674e-08
3.298704e+02  2.884899e-08
3.768744e+02  2.885505e-08
4.395465e+02  2.856475e-08
4.794287e+02  2.813201e-08
5.272874e+02  2.085326e-08
