# differential LET spectrum from SPENVIS CREME96 GCR
# col0: LET [MeV*cm^2/mg], col1: omni differential flux [1/(cm^2 s (MeV*cm^2/mg))]
# species=He Z=2
6.640574e-03  3.456781e+02
6.646113e-03  2.509186e+02
6.653360e-03  2.235595e+02
6.660437e-03  2.091445e+02
6.666299e-03  2.008244e+02
6.675105e-03  1.912616e+02
6.681270e-03  1.858893e+02
6.689219e-03  1.800784e+02
6.699716e-03  1.737145e+02
6.713983e-03  1.665896e+02
6.731719e-03  1.594605e+02
6.753479e-03  1.523161e+02
6.784082e-03  1.442121e+02
6.810014e-03  1.385247e+02
6.843717e-03  1.322605e+02
6.888682e-03  1.252331e+02
6.950638e-03  1.172763e+02
6.999838e-03  1.119397e+02
7.086419e-03  1.039842e+02
7.174262e-03  9.728139e+01
7.291795e-03  8.980164e+01
7.393964e-03  8.424107e+01
7.523310e-03  7.816939e+01
7.690891e-03  7.150646e+01
7.914329e-03  6.414832e+01
8.223366e-03  5.599248e+01
8.425339e-03  5.158355e+01
8.672144e-03  4.693694e+01
8.979260e-03  4.204751e+01
9.369991e-03  3.690990e+01
9.823079e-03  3.208979e+01
1.034177e-02  2.766844e+01
1.102001e-02  2.315765e+01
1.155937e-02  2.031413e+01
1.222344e-02  1.748129e+01
1.305933e-02  1.468023e+01
1.414112e-02  1.194226e+01
1.495641e-02  1.033801e+01
1.632076e-02  8.266888e+00
1.763540e-02  6.786819e+00
1.931357e-02  5.387073e+00
2.071520e-02  4.502801e+00
2.243120e-02  3.668859e+00
2.457956e-02  2.894926e+00
2.734570e-02  2.185608e+00
3.103863e-02  1.554309e+00
3.339067e-02  1.274734e+00
3.621462e-02  1.021701e+00
3.966778e-02  7.968051e-01
4.398616e-02  5.999812e-01
4.891464e-02  4.474723e-01
5.447936e-02  3.346832e-01
6.166478e-02  2.444667e-01
6.732434e-02  1.984484e-01
7.424250e-02  1.594562e-01
8.289122e-02  1.262729e-01
9.401220e-02  9.924841e-02
1.023536e-01  8.478131e-02
1.162567e-01  6.690573e-02
1.296043e-01  5.439618e-02
1.465930e-01  4.270274e-02
1.607507e-01  3.534719e-02
1.780548e-01  2.845939e-02
1.996855e-01  2.218030e-02
2.274968e-01  1.664545e-02
2.645791e-01  1.197469e-02
2.881772e-01  9.978529e-03
3.164951e-01  8.244653e-03
3.511060e-01  6.760479e-03
3.943699e-01  5.529288e-03
4.437275e-01  4.636815e-03
4.994400e-01  4.015176e-03
5.713599e-01  3.555877e-03
6.279970e-01  3.352030e-03
6.972202e-01  3.202832e-03
7.837493e-01  3.132967e-03
8.950011e-01  3.133859e-03
9.784400e-01  3.169182e-03
1.117505e+00  3.259178e-03
1.251007e+00  3.357610e-03
1.420920e+00  3.480510e-03
1.562513e+00  3.573057e-03
1.735572e+00  3.672909e-03
1.951896e+00  3.772326e-03
2.230026e+00  3.863645e-03
2.600867e+00  3.931280e-03
2.836856e+00  3.931336e-03
3.120044e+00  2.935591e-03
