# differential LET spectrum from SPENVIS CREME96 GCR
# col0: LET [MeV*cm^2/mg], col1: omni differential flux [1/(cm^2 s (MeV*cm^2/mg))]
# species=Si Z=14
3.253881e-01  4.112302e-02
3.256595e-01  2.651981e-02
3.260147e-01  2.272094e-02
3.263614e-01  2.080941e-02
3.266487e-01  1.973162e-02
3.270801e-01  1.852266e-02
3.273822e-01  1.785648e-02
3.277717e-01  1.714741e-02
3.282861e-01  1.638166e-02
3.289852e-01  1.554189e-02
3.298542e-01  1.471849e-02
3.309205e-01  1.390960e-02
3.324200e-01  1.301317e-02
3.336907e-01  1.239691e-02
3.353421e-01  1.172976e-02
3.375454e-01  1.099649e-02
3.405813e-01  1.018352e-02
3.429921e-01  9.648943e-03
3.472345e-01  8.867110e-03
3.515388e-01  8.221182e-03
3.572979e-01  7.513914e-03
3.623043e-01  6.997539e-03
3.686422e-01  6.441730e-03
3.768537e-01  5.841808e-03
3.878021e-01  5.190287e-03
4.029449e-01  4.481383e-03
4.128416e-01  4.103720e-03
4.249351e-01  3.709942e-03
4.399837e-01  3.300335e-03
4.591296e-01  2.874771e-03
4.813309e-01  2.480032e-03
5.067468e-01  2.122200e-03
5.399803e-01  1.761308e-03
5.664093e-01  1.536192e-03
5.989485e-01  1.313620e-03
6.399071e-01  1.095426e-03
6.929150e-01  8.841906e-04
7.328639e-01  7.614739e-04
7.997170e-01  6.043183e-04
8.641348e-01  4.929696e-04
9.463649e-01  3.885117e-04
1.015045e+00  3.230380e-04
1.099129e+00  2.617025e-04
1.204398e+00  2.051782e-04
1.339939e+00  1.537338e-04
1.520893e+00  1.082510e-04
1.636143e+00  8.819414e-05
1.774516e+00  7.008730e-05
1.943721e+00  5.402712e-05
2.155322e+00  3.999787e-05
2.396818e+00  2.910632e-05
2.669489e+00  2.095857e-05
3.021574e+00  1.428517e-05
3.298893e+00  1.081735e-05
3.637882e+00  7.889063e-06
4.061670e+00  5.497287e-06
4.606598e+00  3.691501e-06
5.015324e+00  2.837450e-06
5.696576e+00  1.935415e-06
6.350613e+00  1.414689e-06
7.183058e+00  1.010010e-06
7.876782e+00  7.945854e-07
8.724687e+00  6.178577e-07
9.784588e+00  4.760973e-07
1.114734e+01  3.652967e-07
1.296438e+01  2.815372e-07
1.412068e+01  2.477552e-07
1.550826e+01  2.203897e-07
1.720420e+01  1.980874e-07
1.932413e+01  1.807083e-07
2.174265e+01  1.691749e-07
2.447256e+01  1.623228e-07
2.799664e+01  1.589299e-07
3.077185e+01  1.587560e-07
3.416379e+01  1.596295e-07
3.840372e+01  1.631022e-07
4.385505e+01  1.687657e-07
4.794356e+01  1.732869e-07
5.475774e+01  1.807782e-07
6.129936e+01  1.874249e-07
6.962506e+01  1.948387e-07
7.656315e+01  2.000076e-07
8.504304e+01  2.052718e-07
9.564289e+01  2.102073e-07
1.092713e+02  2.143220e-07
1.274425e+02  2.167371e-07
1.390060e+02  2.159194e-07
1.528822e+02  1.604653e-07
