# differential LET spectrum from SPENVIS CREME96 GCR
# col0: LET [MeV*cm^2/mg], col1: omni differential flux [1/(cm^2 s (MeV*cm^2/mg))]
# species=C Z=6
5.976516e-02  1.053491e+00
5.981501e-02  7.646790e-01
5.988024e-02  6.812559e-01
5.994394e-02  6.372846e-01
5.999669e-02  6.119486e-01
6.007594e-02  5.827543e-01
6.013143e-02  5.663242e-01
6.020297e-02  5.486226e-01
6.029745e-02  5.291765e-01
6.042584e-02  5.074181e-01
6.058547e-02  4.856441e-01
6.078131e-02  4.638286e-01
6.105674e-02  4.390383e-01
6.129013e-02  4.216609e-01
6.159345e-02  4.024874e-01
6.199813e-02  3.809763e-01
6.255574e-02  3.565980e-01
6.299855e-02  3.402693e-01
6.377777e-02  3.158944e-01
6.456836e-02  2.953380e-01
6.562615e-02  2.724181e-01
6.654568e-02  2.553692e-01
6.770979e-02  2.367589e-01
6.921802e-02  2.163355e-01
7.122896e-02  1.938085e-01
7.401029e-02  1.688416e-01
7.582805e-02  1.553653e-01
7.804930e-02  1.411662e-01
8.081334e-02  1.262472e-01
8.432992e-02  1.105870e-01
8.840771e-02  9.591333e-02
9.307595e-02  8.248633e-02
9.918006e-02  6.882060e-02
1.040344e-01  6.023106e-02
1.100110e-01  5.168734e-02
1.175340e-01  4.326191e-02
1.272701e-01  3.505306e-02
1.346077e-01  3.025974e-02
1.468868e-01  2.409272e-02
1.587186e-01  1.970278e-02
1.738221e-01  1.556853e-02
1.864368e-01  1.296763e-02
2.018808e-01  1.052370e-02
2.212160e-01  8.265625e-03
2.461113e-01  6.204566e-03
2.793477e-01  4.377575e-03
3.005161e-01  3.569952e-03
3.259315e-01  2.839901e-03
3.570100e-01  2.191482e-03
3.958755e-01  1.624288e-03
4.402318e-01  1.183327e-03
4.903143e-01  8.530878e-04
5.549830e-01  5.823407e-04
6.059191e-01  4.415122e-04
6.681825e-01  3.224978e-04
7.460210e-01  2.252385e-04
8.461098e-01  1.518334e-04
9.211820e-01  1.171619e-04
1.046310e+00  8.063485e-05
1.166439e+00  5.961083e-05
1.319337e+00  4.328162e-05
1.446756e+00  3.454800e-05
1.602493e+00  2.730938e-05
1.797169e+00  2.139492e-05
2.047471e+00  1.663500e-05
2.381212e+00  1.288823e-05
2.593595e+00  1.132210e-05
2.848456e+00  1.001104e-05
3.159954e+00  8.907663e-06
3.549329e+00  8.014059e-06
3.993548e+00  7.391238e-06
4.494960e+00  6.991284e-06
5.142240e+00  6.749700e-06
5.651973e+00  6.687745e-06
6.274982e+00  6.676186e-06
7.053744e+00  6.778553e-06
8.055010e+00  6.977199e-06
8.805960e+00  7.146450e-06
1.005754e+01  7.435543e-06
1.125907e+01  7.696676e-06
1.278828e+01  7.991978e-06
1.406262e+01  8.198845e-06
1.562015e+01  8.410939e-06
1.756706e+01  8.609801e-06
2.007024e+01  8.776080e-06
2.340780e+01  8.873013e-06
2.553171e+01  8.839350e-06
2.808040e+01  6.569255e-06
