# differential LET spectrum from SPENVIS CREME96 GCR
# col0: LET [MeV*cm^2/mg], col1: omni differential flux [1/(cm^2 s (MeV*cm^2/mg))]
# species=O Z=8
1.062492e-01  6.761084e-01
1.063378e-01  4.625790e-01
1.064538e-01  4.041569e-01
1.065670e-01  3.740795e-01
1.066608e-01  3.569741e-01
1.068017e-01  3.375175e-01
1.069003e-01  3.266971e-01
1.070275e-01  3.151148e-01
1.071955e-01  3.025003e-01
1.074237e-01  2.885430e-01
1.077075e-01  2.747160e-01
1.080557e-01  2.610267e-01
1.085453e-01  2.456709e-01
1.089602e-01  2.349910e-01
1.094995e-01  2.233580e-01
1.102189e-01  2.104431e-01
1.112102e-01  1.959661e-01
1.119974e-01  1.863635e-01
1.133827e-01  1.721905e-01
1.147882e-01  1.603619e-01
1.166687e-01  1.473020e-01
1.183034e-01  1.376806e-01
1.203730e-01  1.272567e-01
1.230543e-01  1.158991e-01
1.266293e-01  1.034736e-01
1.315739e-01  8.982629e-02
1.348054e-01  8.250286e-02
1.387543e-01  7.482884e-02
1.436682e-01  6.680145e-02
1.499199e-01  5.841505e-02
1.571693e-01  5.058772e-02
1.654684e-01  4.345145e-02
1.763201e-01  3.621518e-02
1.849500e-01  3.167851e-02
1.955750e-01  2.717422e-02
2.089492e-01  2.274014e-02
2.262580e-01  1.842686e-02
2.393025e-01  1.591007e-02
2.611321e-01  1.267454e-02
2.821665e-01  1.037223e-02
3.090171e-01  8.203899e-03
3.314431e-01  6.839365e-03
3.588992e-01  5.556879e-03
3.932730e-01  4.371251e-03
4.375312e-01  3.288661e-03
4.966181e-01  2.328767e-03
5.342508e-01  1.904573e-03
5.794338e-01  1.521283e-03
6.346845e-01  1.181156e-03
7.037786e-01  8.840187e-04
7.826343e-01  6.534292e-04
8.716698e-01  4.813044e-04
9.866364e-01  3.410467e-04
1.077189e+00  2.686165e-04
1.187880e+00  2.078972e-04
1.326260e+00  1.586079e-04
1.504195e+00  1.222067e-04
1.637657e+00  1.053827e-04
1.860106e+00  8.902970e-05
2.073670e+00  8.229815e-05
2.345488e+00  8.149681e-05
2.572011e+00  8.397944e-05
2.848877e+00  8.783268e-05
3.194968e+00  9.107959e-05
3.639949e+00  9.096249e-05
4.233266e+00  8.477206e-05
4.610836e+00  7.885879e-05
5.063922e+00  7.113519e-05
5.617697e+00  6.184470e-05
6.309919e+00  5.147239e-05
7.099640e+00  4.176637e-05
7.991040e+00  3.331870e-05
9.141759e+00  2.547637e-05
1.004795e+01  2.105860e-05
1.115552e+01  1.710136e-05
1.253999e+01  1.370500e-05
1.432002e+01  1.090520e-05
1.565504e+01  9.524038e-06
1.788008e+01  8.036656e-06
2.001612e+01  7.180178e-06
2.273472e+01  6.535841e-06
2.500021e+01  6.213780e-06
2.776915e+01  5.971615e-06
3.123033e+01  5.793633e-06
3.568042e+01  5.663721e-06
4.161387e+01  5.554548e-06
4.538970e+01  5.472155e-06
4.992070e+01  4.078946e-06
