# differential LET spectrum from SPENVIS CREME96 GCR
# col0: LET [MeV*cm^2/mg], col1: omni differential flux [1/(cm^2 s (MeV*cm^2/mg))]
# species=Mg Z=12
2.390607e-01  6.305252e-02
2.392601e-01  4.315242e-02
2.395210e-01  3.771197e-02
2.397757e-01  3.491135e-02
2.399868e-01  3.331492e-02
2.403038e-01  3.150464e-02
2.405257e-01  3.049735e-02
2.408119e-01  2.941860e-02
2.411898e-01  2.824482e-02
2.417034e-01  2.694538e-02
2.423419e-01  2.565821e-02
2.431252e-01  2.438230e-02
2.442270e-01  2.295341e-02
2.451605e-01  2.196037e-02
2.463738e-01  2.087658e-02
2.479925e-01  1.967420e-02
2.502230e-01  1.832659e-02
2.519942e-01  1.743254e-02
2.551111e-01  1.611161e-02
2.582734e-01  1.501037e-02
2.625046e-01  1.379247e-02
2.661827e-01  1.289490e-02
2.708392e-01  1.192247e-02
2.768721e-01  1.086300e-02
2.849158e-01  9.702784e-03
2.960412e-01  8.428188e-03
3.033122e-01  7.743923e-03
3.121972e-01  7.026189e-03
3.232534e-01  6.275138e-03
3.373197e-01  5.490132e-03
3.536308e-01  4.757057e-03
3.723038e-01  4.088236e-03
3.967202e-01  3.409335e-03
4.161374e-01  2.983648e-03
4.400438e-01  2.560558e-03
4.701358e-01  2.143818e-03
5.090804e-01  1.738100e-03
5.384306e-01  1.501779e-03
5.875472e-01  1.197327e-03
6.348746e-01  9.804660e-04
6.952885e-01  7.762550e-04
7.457471e-01  6.476937e-04
8.075231e-01  5.266681e-04
8.848642e-01  4.146437e-04
9.844451e-01  3.123955e-04
1.117391e+00  2.212691e-04
1.202064e+00  1.808478e-04
1.303726e+00  1.442060e-04
1.428040e+00  1.115769e-04
1.583502e+00  8.303620e-05
1.760927e+00  6.072071e-05
1.961257e+00  4.392105e-05
2.219932e+00  3.009848e-05
2.423676e+00  2.288493e-05
2.672730e+00  1.676696e-05
2.984084e+00  1.172577e-05
3.384439e+00  7.887588e-06
3.684728e+00  6.074566e-06
4.185240e+00  4.155994e-06
4.665756e+00  3.045266e-06
5.277348e+00  2.180842e-06
5.787024e+00  1.720541e-06
6.409974e+00  1.341868e-06
7.188677e+00  1.037184e-06
8.189885e+00  7.983859e-07
9.524849e+00  6.173339e-07
1.037438e+01  5.441932e-07
1.139382e+01  4.848748e-07
1.263982e+01  4.365423e-07
1.419732e+01  3.988885e-07
1.597419e+01  3.739624e-07
1.797984e+01  3.593044e-07
2.056896e+01  3.522644e-07
2.260789e+01  3.521989e-07
2.509993e+01  3.544679e-07
2.821497e+01  3.625477e-07
3.222004e+01  3.755454e-07
3.522384e+01  3.859060e-07
4.023018e+01  4.030792e-07
4.503627e+01  4.183390e-07
5.115311e+01  4.354542e-07
5.625048e+01  4.474681e-07
6.248060e+01  4.598235e-07
7.026825e+01  4.714948e-07
8.028095e+01  4.815445e-07
9.363121e+01  4.880254e-07
1.021268e+02  4.868070e-07
1.123216e+02  3.629428e-07
