# differential LET spectrum from SPENVIS CREME96 GCR
# col0: LET [MeV*cm^2/mg], col1: omni differential flux [1/(cm^2 s (MeV*cm^2/mg))]
# species=H Z=1
1.660143e-03  2.629660e+04
1.661528e-03  1.863994e+04
1.663340e-03  1.635054e+04
1.665109e-03  1.511970e+04
1.666575e-03  1.439574e+04
1.668776e-03  1.356440e+04
1.670317e-03  1.309588e+04
1.672305e-03  1.258775e+04
1.674929e-03  1.202881e+04
1.678496e-03  1.140437e+04
1.682930e-03  1.077822e+04
1.688370e-03  1.015314e+04
1.696021e-03  9.448712e+03
1.702504e-03  8.961513e+03
1.710929e-03  8.424623e+03
1.722170e-03  7.829804e+03
1.737659e-03  7.166760e+03
1.749960e-03  6.729682e+03
1.771605e-03  6.091938e+03
1.793565e-03  5.567277e+03
1.822949e-03  4.994710e+03
1.848491e-03  4.582661e+03
1.880828e-03  4.144829e+03
1.922723e-03  3.679946e+03
1.978582e-03  3.186958e+03
2.055841e-03  2.668049e+03
2.106335e-03  2.399939e+03
2.168036e-03  2.125813e+03
2.244815e-03  1.846060e+03
2.342498e-03  1.563943e+03
2.455770e-03  1.310599e+03
2.585443e-03  1.086365e+03
2.755002e-03  8.674406e+02
2.889843e-03  7.344787e+02
3.055860e-03  6.047801e+02
3.264832e-03  4.816331e+02
3.535281e-03  3.674136e+02
3.739102e-03  3.042274e+02
4.080189e-03  2.263824e+02
4.408851e-03  1.735949e+02
4.828392e-03  1.271086e+02
5.178799e-03  9.996525e+01
5.607800e-03  7.588235e+01
6.144890e-03  5.509909e+01
6.836424e-03  3.830157e+01
7.759658e-03  2.536800e+01
8.347668e-03  2.011372e+01
9.053654e-03  1.559609e+01
9.916946e-03  1.176340e+01
1.099654e-02  8.544250e+00
1.222866e-02  6.129933e+00
1.361984e-02  4.361059e+00
1.541619e-02  2.935750e+00
1.683109e-02  2.212279e+00
1.856062e-02  1.605727e+00
2.072281e-02  1.122256e+00
2.350305e-02  7.458387e-01
2.558839e-02  5.672637e-01
2.906416e-02  3.789617e-01
3.240109e-02  2.713278e-01
3.664825e-02  1.888856e-01
4.018766e-02  1.461979e-01
4.451371e-02  1.113644e-01
4.992137e-02  8.501553e-02
5.687420e-02  6.522178e-02
6.614478e-02  5.121238e-02
7.204431e-02  4.621110e-02
7.912378e-02  4.252509e-02
8.777651e-02  4.021977e-02
9.859248e-02  3.943413e-02
1.109319e-01  4.043776e-02
1.248600e-01  4.311739e-02
1.428400e-01  4.822003e-02
1.569993e-01  5.318954e-02
1.743051e-01  6.012080e-02
1.959373e-01  6.982516e-02
2.237503e-01  8.347601e-02
2.446100e-01  9.436618e-02
2.793762e-01  1.132631e-01
3.127519e-01  1.316923e-01
3.552299e-01  1.549575e-01
3.906283e-01  1.736974e-01
4.338930e-01  1.957160e-01
4.879740e-01  2.211553e-01
5.575066e-01  2.503348e-01
6.502167e-01  2.829011e-01
7.092141e-01  2.982622e-01
7.800110e-01  2.124017e-01
