# differential LET spectrum from SPENVIS CREME96 GCR (orbit_seu interim transport)
# col0: LET in Si [MeV*cm^2/mg], col1: omni differential flux [1/(cm^2 s (MeV*cm^2/mg))]; piecewise constant per LET bin (two rows per bin)
# group=Z29-92 Z=29..92 (Cu..U)
# shield: 100 mil Al spherical shell (0.6855 g/cm2), CSDA, no fragmentation
# LET: Bethe-Bloch + Barkas effective charge + Sternheimer density effect (orbit_seu.stopping)
# integral omni flux: 7.679185e-07 /cm2/s
1.369124e+00  4.925569e-09
1.416340e+00  4.925569e-09
1.416341e+00  6.970697e-09
1.465185e+00  6.970697e-09
1.465187e+00  1.179550e-08
1.515715e+00  1.179550e-08
1.515717e+00  1.567628e-08
1.567988e+00  1.567628e-08
1.567989e+00  2.397946e-08
1.622063e+00  2.397946e-08
1.622065e+00  3.241511e-08
1.678003e+00  3.241511e-08
1.678005e+00  4.973901e-08
1.735873e+00  4.973901e-08
1.735875e+00  7.096520e-08
1.795738e+00  7.096520e-08
1.795740e+00  1.127024e-07
1.857668e+00  1.127024e-07
1.857670e+00  8.121950e-08
1.921733e+00  8.121950e-08
1.921735e+00  1.078555e-07
1.988008e+00  1.078555e-07
1.988010e+00  8.132455e-08
2.056569e+00  8.132455e-08
2.056571e+00  1.038398e-07
2.127494e+00  1.038398e-07
2.127496e+00  7.725912e-08
2.200865e+00  7.725912e-08
2.200868e+00  1.020772e-07
2.276767e+00  1.020772e-07
2.276769e+00  7.300151e-08
2.355286e+00  7.300151e-08
2.355288e+00  9.507028e-08
2.436513e+00  9.507028e-08
2.436515e+00  7.484968e-08
2.520541e+00  7.484968e-08
2.520544e+00  8.630017e-08
2.607467e+00  8.630017e-08
2.607470e+00  8.302811e-08
2.697391e+00  8.302811e-08
2.697394e+00  7.374785e-08
2.790417e+00  7.374785e-08
2.790419e+00  8.880633e-08
2.886650e+00  8.880633e-08
2.886653e+00  6.873228e-08
2.986202e+00  6.873228e-08
2.986205e+00  7.720753e-08
3.089188e+00  7.720753e-08
3.089191e+00  7.909279e-08
3.195725e+00  7.909279e-08
3.195728e+00  6.704991e-08
3.305936e+00  6.704991e-08
3.305940e+00  7.522497e-08
3.419948e+00  7.522497e-08
3.419952e+00  7.320665e-08
3.537893e+00  7.320665e-08
3.537896e+00  6.411303e-08
3.659904e+00  6.411303e-08
3.659908e+00  7.058274e-08
3.786124e+00  7.058274e-08
3.786128e+00  7.306760e-08
3.916696e+00  7.306760e-08
3.916700e+00  6.039640e-08
4.051772e+00  6.039640e-08
4.051776e+00  6.444543e-08
4.191506e+00  6.444543e-08
4.191510e+00  6.634110e-08
4.336059e+00  6.634110e-08
4.336063e+00  6.451795e-08
4.485597e+00  6.451795e-08
4.485601e+00  5.859505e-08
4.640292e+00  5.859505e-08
4.640297e+00  6.035045e-08
4.800322e+00  6.035045e-08
4.800327e+00  6.113538e-08
4.965872e+00  6.113538e-08
4.965876e+00  6.127190e-08
5.137130e+00  6.127190e-08
5.137135e+00  5.768448e-08
5.314295e+00  5.768448e-08
5.314300e+00  5.495825e-08
5.497570e+00  5.495825e-08
5.497575e+00  5.518484e-08
5.687165e+00  5.518484e-08
5.687170e+00  5.503505e-08
5.883299e+00  5.503505e-08
5.883305e+00  5.451007e-08
6.086197e+00  5.451007e-08
6.086203e+00  5.381818e-08
6.296092e+00  5.381818e-08
6.296098e+00  5.303043e-08
6.513226e+00  5.303043e-08
6.513232e+00  5.210828e-08
6.737848e+00  5.210828e-08
6.737855e+00  5.108215e-08
6.970217e+00  5.108215e-08
6.970224e+00  4.963178e-08
7.210600e+00  4.963178e-08
7.210607e+00  4.846510e-08
7.459273e+00  4.846510e-08
7.459280e+00  4.832389e-08
7.716521e+00  4.832389e-08
7.716529e+00  4.747975e-08
7.982642e+00  4.747975e-08
7.982650e+00  4.674389e-08
8.257940e+00  4.674389e-08
8.257948e+00  4.543259e-08
8.542733e+00  4.543259e-08
8.542741e+00  4.438268e-08
8.837347e+00  4.438268e-08
8.837356e+00  4.399293e-08
9.142121e+00  4.399293e-08
9.142130e+00  4.308419e-08
9.457407e+00  4.308419e-08
9.457416e+00  4.236413e-08
9.783565e+00  4.236413e-08
9.783575e+00  4.198153e-08
1.012097e+01  4.198153e-08
1.012098e+01  4.171757e-08
1.047002e+01  4.171757e-08
1.047003e+01  4.123512e-08
1.083110e+01  4.123512e-08
1.083111e+01  4.051281e-08
1.120463e+01  4.051281e-08
1.120464e+01  3.849178e-08
1.159104e+01  3.849178e-08
1.159106e+01  3.832633e-08
1.199079e+01  3.832633e-08
1.199080e+01  3.862078e-08
1.240431e+01  3.862078e-08
1.240433e+01  3.783672e-08
1.283210e+01  3.783672e-08
1.283212e+01  3.621172e-08
1.327464e+01  3.621172e-08
1.327466e+01  3.629058e-08
1.373245e+01  3.629058e-08
1.373246e+01  3.638451e-08
1.420604e+01  3.638451e-08
1.420606e+01  3.325505e-08
1.469597e+01  3.325505e-08
1.469598e+01  3.282609e-08
1.520279e+01  3.282609e-08
1.520280e+01  3.057015e-08
1.572709e+01  3.057015e-08
1.572710e+01  2.865239e-08
1.626947e+01  2.865239e-08
1.626949e+01  2.637690e-08
1.683056e+01  2.637690e-08
1.683057e+01  2.252390e-08
1.741099e+01  2.252390e-08
1.741101e+01  1.806683e-08
1.801145e+01  1.806683e-08
1.801147e+01  1.060413e-08
1.863261e+01  1.060413e-08
1.863263e+01  1.276382e-09
1.927520e+01  1.276382e-09
1.927522e+01  8.805585e-11
1.993994e+01  8.805585e-11
1.993996e+01  7.726969e-11
2.062761e+01  7.726969e-11
2.062763e+01  6.802380e-11
2.133900e+01  6.802380e-11
2.133902e+01  6.008608e-11
2.207492e+01  6.008608e-11
2.207494e+01  5.306026e-11
2.283622e+01  5.306026e-11
2.283624e+01  4.709294e-11
2.362378e+01  4.709294e-11
2.362380e+01  4.199878e-11
2.443849e+01  4.199878e-11
2.443852e+01  3.721975e-11
2.528130e+01  3.721975e-11
2.528133e+01  3.319831e-11
2.615318e+01  3.319831e-11
2.615321e+01  2.953660e-11
2.705513e+01  2.953660e-11
2.705516e+01  2.648584e-11
2.798818e+01  2.648584e-11
2.798821e+01  2.357371e-11
2.895342e+01  2.357371e-11
2.895345e+01  2.119924e-11
2.995194e+01  2.119924e-11
2.995197e+01  1.887725e-11
3.098489e+01  1.887725e-11
3.098492e+01  1.684922e-11
3.205347e+01  1.684922e-11
3.205350e+01  1.520316e-11
3.315890e+01  1.520316e-11
3.315894e+01  1.358760e-11
3.430246e+01  1.358760e-11
3.430249e+01  1.222277e-11
3.548545e+01  1.222277e-11
3.548549e+01  1.085968e-11
3.670924e+01  1.085968e-11
3.670928e+01  9.813766e-12
3.797524e+01  9.813766e-12
3.797527e+01  8.778069e-12
3.928489e+01  8.778069e-12
3.928493e+01  7.858736e-12
4.063971e+01  7.858736e-12
4.063975e+01  7.050506e-12
4.204126e+01  7.050506e-12
4.204130e+01  6.332097e-12
4.349114e+01  6.332097e-12
4.349119e+01  5.636827e-12
4.499103e+01  5.636827e-12
4.499107e+01  5.104323e-12
4.654264e+01  5.104323e-12
4.654268e+01  4.570795e-12
4.814776e+01  4.570795e-12
4.814781e+01  4.085035e-12
4.980823e+01  4.085035e-12
4.980828e+01  3.678525e-12
5.152598e+01  3.678525e-12
5.152603e+01  3.292501e-12
5.330296e+01  3.292501e-12
5.330301e+01  2.941000e-12
5.514122e+01  2.941000e-12
5.514128e+01  2.656127e-12
5.704288e+01  2.656127e-12
5.704294e+01  2.373830e-12
5.901013e+01  2.373830e-12
5.901019e+01  2.131180e-12
6.104522e+01  2.131180e-12
6.104528e+01  1.911696e-12
6.315049e+01  1.911696e-12
6.315055e+01  1.703820e-12
6.532837e+01  1.703820e-12
6.532843e+01  1.531865e-12
6.758135e+01  1.531865e-12
6.758142e+01  1.374398e-12
6.991204e+01  1.374398e-12
6.991211e+01  1.229157e-12
7.232310e+01  1.229157e-12
7.232318e+01  1.095349e-12
7.481732e+01  1.095349e-12
7.481739e+01  9.820913e-13
7.739755e+01  9.820913e-13
7.739763e+01  8.713905e-13
8.006677e+01  8.713905e-13
8.006685e+01  7.735811e-13
8.282804e+01  7.735811e-13
8.282812e+01  6.902915e-13
8.568454e+01  6.902915e-13
8.568463e+01  5.972443e-13
8.863955e+01  5.972443e-13
8.863964e+01  5.288566e-13
9.169648e+01  5.288566e-13
9.169657e+01  4.504898e-13
9.485882e+01  4.504898e-13
9.485892e+01  3.923009e-13
9.813023e+01  3.923009e-13
9.813033e+01  3.214353e-13
1.015145e+02  3.214353e-13
1.015146e+02  2.544597e-13
1.050154e+02  2.544597e-13
1.050155e+02  1.862033e-13
1.086371e+02  1.862033e-13
1.086372e+02  8.696475e-14
1.123837e+02  8.696475e-14
