# differential LET spectrum from SPENVIS CREME96 GCR (orbit_seu interim transport)
# col0: LET in Si [MeV*cm^2/mg], col1: omni differential flux [1/(cm^2 s (MeV*cm^2/mg))]; piecewise constant per LET bin (two rows per bin)
# group=Z21-28 Z=21..28 (Sc..Ni)
# shield: 100 mil Al spherical shell (0.6855 g/cm2), CSDA, no fragmentation
# LET: Bethe-Bloch + Barkas effective charge + Sternheimer density effect (orbit_seu.stopping)
# integral omni flux: 1.774824e-03 /cm2/s
7.188962e-01  3.405403e-04
7.436881e-01  3.405403e-04
7.436888e-01  2.940465e-04
7.693357e-01  2.940465e-04
7.693365e-01  1.693539e-04
7.958679e-01  1.693539e-04
7.958687e-01  1.405108e-03
8.233151e-01  1.405108e-03
8.233159e-01  8.083668e-04
8.517088e-01  8.083668e-04
8.517097e-01  5.287850e-04
8.810818e-01  5.287850e-04
8.810827e-01  1.113595e-03
9.114678e-01  1.113595e-03
9.114687e-01  5.738103e-04
9.429017e-01  5.738103e-04
9.429026e-01  1.439648e-03
9.754196e-01  1.439648e-03
9.754206e-01  1.031698e-03
1.009059e+00  1.031698e-03
1.009060e+00  9.519742e-04
1.043859e+00  9.519742e-04
1.043860e+00  1.193474e-03
1.079858e+00  1.193474e-03
1.079859e+00  7.421317e-04
1.117099e+00  7.421317e-04
1.117101e+00  8.208059e-03
1.155625e+00  8.208059e-03
1.155626e+00  3.965999e-03
1.195479e+00  3.965999e-03
1.195480e+00  2.671019e-03
1.236708e+00  2.671019e-03
1.236709e+00  1.991941e-03
1.279358e+00  1.991941e-03
1.279359e+00  1.774374e-03
1.323480e+00  1.774374e-03
1.323481e+00  1.425317e-03
1.369123e+00  1.425317e-03
1.369124e+00  1.141901e-03
1.416340e+00  1.141901e-03
1.416341e+00  9.587613e-04
1.465185e+00  9.587613e-04
1.465187e+00  7.945080e-04
1.515715e+00  7.945080e-04
1.515717e+00  6.844303e-04
1.567988e+00  6.844303e-04
1.567989e+00  6.139257e-04
1.622063e+00  6.139257e-04
1.622065e+00  5.278566e-04
1.678003e+00  5.278566e-04
1.678005e+00  4.748836e-04
1.735873e+00  4.748836e-04
1.735875e+00  4.245070e-04
1.795738e+00  4.245070e-04
1.795740e+00  3.799978e-04
1.857668e+00  3.799978e-04
1.857670e+00  3.400829e-04
1.921733e+00  3.400829e-04
1.921735e+00  3.114108e-04
1.988008e+00  3.114108e-04
1.988010e+00  2.714281e-04
2.056569e+00  2.714281e-04
2.056571e+00  2.475482e-04
2.127494e+00  2.475482e-04
2.127496e+00  2.207228e-04
2.200865e+00  2.207228e-04
2.200868e+00  2.008005e-04
2.276767e+00  2.008005e-04
2.276769e+00  1.789678e-04
2.355286e+00  1.789678e-04
2.355288e+00  1.625441e-04
2.436513e+00  1.625441e-04
2.436515e+00  1.434564e-04
2.520541e+00  1.434564e-04
2.520544e+00  1.318832e-04
2.607467e+00  1.318832e-04
2.607470e+00  1.185677e-04
2.697391e+00  1.185677e-04
2.697394e+00  1.052428e-04
2.790417e+00  1.052428e-04
2.790419e+00  9.557586e-05
2.886650e+00  9.557586e-05
2.886653e+00  8.683630e-05
2.986202e+00  8.683630e-05
2.986205e+00  7.606922e-05
3.089188e+00  7.606922e-05
3.089191e+00  6.919197e-05
3.195725e+00  6.919197e-05
3.195728e+00  6.240844e-05
3.305936e+00  6.240844e-05
3.305940e+00  5.655869e-05
3.419948e+00  5.655869e-05
3.419952e+00  5.104174e-05
3.537893e+00  5.104174e-05
3.537896e+00  4.483777e-05
3.659904e+00  4.483777e-05
3.659908e+00  4.162128e-05
3.786124e+00  4.162128e-05
3.786128e+00  3.645140e-05
3.916696e+00  3.645140e-05
3.916700e+00  3.289837e-05
4.051772e+00  3.289837e-05
4.051776e+00  2.970875e-05
4.191506e+00  2.970875e-05
4.191510e+00  2.664634e-05
4.336059e+00  2.664634e-05
4.336063e+00  2.398164e-05
4.485597e+00  2.398164e-05
4.485601e+00  2.156388e-05
4.640292e+00  2.156388e-05
4.640297e+00  1.949176e-05
4.800322e+00  1.949176e-05
4.800327e+00  1.739501e-05
4.965872e+00  1.739501e-05
4.965876e+00  1.525322e-05
5.137130e+00  1.525322e-05
5.137135e+00  1.414396e-05
5.314295e+00  1.414396e-05
5.314300e+00  1.260757e-05
5.497570e+00  1.260757e-05
5.497575e+00  1.140948e-05
5.687165e+00  1.140948e-05
5.687170e+00  9.845641e-06
5.883299e+00  9.845641e-06
5.883305e+00  9.183631e-06
6.086197e+00  9.183631e-06
6.086203e+00  8.220619e-06
6.296092e+00  8.220619e-06
6.296098e+00  7.355593e-06
6.513226e+00  7.355593e-06
6.513232e+00  6.582817e-06
6.737848e+00  6.582817e-06
6.737855e+00  5.892768e-06
6.970217e+00  5.892768e-06
6.970224e+00  5.268696e-06
7.210600e+00  5.268696e-06
7.210607e+00  4.735602e-06
7.459273e+00  4.735602e-06
7.459280e+00  4.244245e-06
7.716521e+00  4.244245e-06
7.716529e+00  3.798706e-06
7.982642e+00  3.798706e-06
7.982650e+00  3.497273e-06
8.257940e+00  3.497273e-06
8.257948e+00  3.045989e-06
8.542733e+00  3.045989e-06
8.542741e+00  2.799941e-06
8.837347e+00  2.799941e-06
8.837356e+00  2.513202e-06
9.142121e+00  2.513202e-06
9.142130e+00  2.236229e-06
9.457407e+00  2.236229e-06
9.457416e+00  2.053134e-06
9.783565e+00  2.053134e-06
9.783575e+00  1.785631e-06
1.012097e+01  1.785631e-06
1.012098e+01  1.640384e-06
1.047002e+01  1.640384e-06
1.047003e+01  1.508429e-06
1.083110e+01  1.508429e-06
1.083111e+01  1.301926e-06
1.120463e+01  1.301926e-06
1.120464e+01  1.197794e-06
1.159104e+01  1.197794e-06
1.159106e+01  1.060570e-06
1.199079e+01  1.060570e-06
1.199080e+01  9.485157e-07
1.240431e+01  9.485157e-07
1.240433e+01  8.698298e-07
1.283210e+01  8.698298e-07
1.283212e+01  7.909684e-07
1.327464e+01  7.909684e-07
1.327466e+01  6.854528e-07
1.373245e+01  6.854528e-07
1.373246e+01  6.415858e-07
1.420604e+01  6.415858e-07
1.420606e+01  5.678417e-07
1.469597e+01  5.678417e-07
1.469598e+01  5.055773e-07
1.520279e+01  5.055773e-07
1.520280e+01  4.677570e-07
1.572709e+01  4.677570e-07
1.572710e+01  4.138014e-07
1.626947e+01  4.138014e-07
1.626949e+01  3.666219e-07
1.683056e+01  3.666219e-07
1.683057e+01  3.389106e-07
1.741099e+01  3.389106e-07
1.741101e+01  3.050134e-07
1.801145e+01  3.050134e-07
1.801147e+01  2.737500e-07
1.863261e+01  2.737500e-07
1.863263e+01  2.459377e-07
1.927520e+01  2.459377e-07
1.927522e+01  2.245956e-07
1.993994e+01  2.245956e-07
1.993996e+01  2.009849e-07
2.062761e+01  2.009849e-07
2.062763e+01  1.829847e-07
2.133900e+01  1.829847e-07
2.133902e+01  1.683194e-07
2.207492e+01  1.683194e-07
2.207494e+01  1.617863e-07
2.283622e+01  1.617863e-07
2.283624e+01  1.440149e-07
2.362378e+01  1.440149e-07
2.362380e+01  1.410337e-07
2.443849e+01  1.410337e-07
2.443852e+01  1.242617e-07
2.528130e+01  1.242617e-07
2.528133e+01  1.159062e-07
2.615318e+01  1.159062e-07
2.615321e+01  1.140572e-07
2.705513e+01  1.140572e-07
2.705516e+01  1.071211e-07
2.798818e+01  1.071211e-07
2.798821e+01  1.237554e-07
2.895342e+01  1.237554e-07
2.895345e+01  6.218053e-08
2.995194e+01  6.218053e-08
2.995197e+01  4.783769e-09
3.098489e+01  4.783769e-09
3.098492e+01  5.699333e-09
3.205347e+01  5.699333e-09
